0.9999936340273136 -0.0004906581169708047 -0.0035342834435817343 -0.000318327
-0.0005013754200046338 -0.9999952773754691 -0.003032136119450229 -0.00099045
-0.0035327790102892757 0.003033888819800452 -0.9999891574367662 0.000618194
0 0 0 1
