0.9999883858143073 0.0003627713949861939 -0.004805895692904475 -0.000266943
0.0003517583758960834 -0.9999973110128106 -0.002292211419785455 -0.0020204
-0.0048067143186468824 0.002290494283552716 -0.9999858244662252 0.000869391
0 0 0 1
